1, (0, 0)
2, (5, 0)
3, (10, 0)
4, (15, 0)
5, (20, 0)
6, (25, 0)
7, (30, 0)
8, (35, 0)
9, (40, 0)
0, (-5, 5)
A, (0, 5)
B, (5, 5)
C, (10, 5)
D, (15, 5)
E, (20, 5)
F, (25, 5)
G, (30, 5)
H, (35, 5)
I, (40, 5)
J, (-5, 10)
K, (0, 10)
L, (5, 10)
M, (10, 10)
N, (15, 10)
O, (20, 10)
P, (25, 10)
Q, (30, 10)
R, (35, 10)
S, (40, 10)
T, (-5, 15)
U, (0, 15)
V, (5, 15)
W, (10, 15)
X, (15, 15)
Y, (20, 15)
Z, (25, 15)
a, (30, 15)
b, (35, 15)
c, (40, 15)
d, (-5, 20)
e, (0, 20)
f, (5, 20)
g, (10, 20)
h, (15, 20)
i, (20, 20)
j, (25, 20)
k, (30, 20)
l, (35, 20)
m, (40, 20)
n, (-5, 25)
o, (0, 25)
p, (5, 25)
q, (10, 25)
r, (15, 25)
s, (20, 25)
t, (25, 25)
u, (30, 25)
v, (35, 25)
w, (40, 25)
x, (-5, 30)
y, (0, 30)
z, (5, 30)
@, (10, 30)
#, (15, 30)
$, (20, 30)
_, (25, 30)
-, (30, 30)
+, (35, 30)
(, (40, 30)
), (-5, 35)
/, (0, 35)
*, (5, 35)
', (10, 35)
", (15, 35)
!, (20, 35)
?, (25, 35)
,, (30, 35)
., (35, 35)
:, (40, 35)
;, (-5, 40)
~, (0, 40)
`, (5, 40)
\, (10, 40)
|, (15, 40)
[, (20, 40)
], (25, 40)
{, (30, 40)
}, (35, 40)
=, (40, 40)
^, (-5, 45)
%, (0, 45)
<, (5, 45)
>, (10, 45)
×, (15, 45)